000000000000000000000000000000000000000000022222200000000000000000000000000000000222112121222222121111112222222221112222
000000000000000000000000000000000000000000022222200000000222222222222200000000000222112121222222121111112222222221112222
000000000000000000000000000000000000000000022222200000000222222222222200000000000222112121222222121111112222222221112222
000000000000000000000000000000000000000000022222200000000222222222222200000000000222112121222222121111112222222221112222
000000000000000000000022222200000000000000022222200000000222222222222200000000000222112121222222121111112222222221112222
000000000000000000000000000000000002200000022222200000000222222222222200000000000222112121222222121111112222222221112222
000000000000000000000000000000022222220000022222200000000222222222222200000000000222122222222222121111112222222221112222
000000000000000000000000000000222222222000022222200000000222222222222200000000000000022222200000222000000000000000000000
000000002200000000000000001111111200000000022222200000000222222222222200000000000000022222200000222000000000000000000000
000000002220000000000000000022222200000000022222200000000222222222222200000000000000022222200000222000000000000000000000
000000002200000000000000000000000000000000000000000000000222222222222200000000000000000000000000222000000000000000000000
000000000000000000000000333300000002222222222222222000000000000000000000000000000000000000000000000000000000000000000000
000000000000000000000022220000000000000002222222222000000000000000000000000000000000000000000000000000000000000000000000
000000000000000000022222220000000000000000010000000000000000000000000000000222222000000000000000000000000000000000000000
000000000000000000000000000000000000000111110000000000000000000000000000000222222000000000000000000000000000000000000000
000000000000000000000000000000000000000000110000000000000000000000000000000222222000000000000000000000000000000000000000
000000000000000000000000000000000000000000000000000000000000000000000000000222222000000000000000000000000000000000000000
000000000000000222222222222000000000000000010000000000000000000000000000000222222000000000000000000000000000000000000000
000000000000000000000022222220000000000111110000000000000000000000000000000222222000000000000000000000000000000000000000
000000000000000000000000000000000000000000000000000000000000000000000000000222222000000000000000000000000000000000000000
000000000000000000000000000000000000000000000111111112222222222000000000000222222000000000000000000000000000000000000000
000000000000000000000000000000000000000000000011111122222222222000000000000222222000000000000000000000000000000000000000
000000000000000000000000000000000111111111000000222222222222222000000000000222222000000000000000000000000000000000000000
000000000000000000000000000000000000000000000000222222222222222000000000000222222000000000000000000000000000000000000000
000000000000000000000000000000000000000000000000222222222222222000000000000000000000000000000000000000000000000000000000
000002222222200000000000000000000000000000000000222222222222222000000000000000000000000000000000000000000000000000000000
000000000000222222222220000000000000000000000000222222222222222000000000000000000000000000000000000000000000000000000000
222222222222222222000000000000000000000000000000222222222222222000000000000000000000000000000000000002222222222222200000
011111111000022222222222222000000000000000000000222222222222222000000000000000000000000000000000000000000000000000000000
000000000000000000000000000000000000000000000000222222222222222000000000000000000000000000000000000000000000000000000000