466444444444444444444444444444444444444444444444444444444444444444444455555555555555555555555555554445555555566555555555
466444444444444444444444444444444444444444444466666444444444444444444455555555555555555555555555554445555555566555555555
444444444444444444444444444444444444444444444466666444444444444444444455555555555556665555555555554445555555555555555555
444444444444444444444444444444444444444444444444444444444444444444444455555555555556665555555555554445555555555555555555
444444466666664444444444444444444444444444444444444444444444444444445555555555555556665555555555554446655555555555555555
444444444446666666644444444444444444444444444444444444444444444455555555555555555555555555555555554446655555555555555555
444444444444444446666664444444444444466666444444444444444444444444445555555555555555555555555555554444455555555555555555
444444444444444445555666644444444444466666444444444444444444444455555555555555555555555555555555554444555555555555555555
444444444444444455555555544444444444466666444444444444444444466666555555555555555555555555444444444444555555555555555555
444444444444445555544444444444444444444444444444444444444444666666655555555555555555555555444444444444455555555555555555
444444444444444444444444444444444444444444444444444444444444444444655555555555555555555555444444444445555555555555555555
444444446644444444444444444444444444444444444444444444444444444444655555555555555555555555555555555555555555555555555555
444444446644444444444444444444444444444444444444444444444444444444655555555555555555555555555555555555555555555555555555
444444446644444444444444444444444444444444444444444444444444444444655555555555555555555555555555555555555555555555555555
444444444444444444444444444444444444444444444444444444444444444444655555555555555555555555555555555555555555555555555555
444444444444444444444444444444444446664444444444444444444444444444655555555555555555555555555555555555555555555555555555
444444444444444444444444444444444444666444444444444444444444444444655555555555555555555555555555555555555555555555555555
444444444444444444444444444444444444666444444444444444444444444444655555555555555555555555555555555555555555555555555555
444444444444444444444444444444444446666444444444444444444444444444655555555555555555555555555555555555555555555555555555
444444444444444444444444444444444444444444444444444444444444444444655555555555555555555555555555555444444445555555555555
444444444444444444444444444444444444444444444444444444444444446666655555555555555555555555555555555444455555555555555555
444444444444444444444444444444444444444444444444444444444444446655555555555555555555555555555555555444444555555555555555
444444444444444444444444444444444444444444444444444444444444446665555555555555555555665555555555555444455555555555555555
444444444444444444444444444444444444444444444444444444444444444444445556655555555555665555555555555444444444555555555555
444444444444444444444444444444444444444444444444444444444444444455555556655555554444444444444444444444455555555555555555
444444444444444444444444444444444444444446644444444444444444444444455555555555554444444444444444444444444455555555555555
444455554444444444444444444444444444444446644444444444444444444455555555555555554444444555555555555444455555555555555555
444555555444444444444444444444444444444444444444444444444444444455555555555555554444444555555555555444455555555555555555
444455554444444444444444444444444444444444444444444444444444444444555555555555555555555555555555555444455555555555555555
444444444444444444444444444444444444444444444444444444444444444455555555555555555555555555555555555444455555555555555555